# Created by Octave 3.6.4, Wed Dec 25 17:24:08 2013 CET <stefan@usul>
# name: class_1
# type: matrix
# rows: 3398
# columns: 5
 20 641 4 2 51312
 26 640 5 0 433496
 55 636 1 0 284208
 60 636 1 0 16743
 76 634 5 1 62261
 100 632 1 0 26864
 185 628 1 0 13757
 189 627 10 0 2754679
 256 619 8 0 15991447
 339 612 5 3 490834
 342 611 20 1 199557
 392 606 1 0 13747
 412 603 2 0 19976
 628 593 1 0 414802
 629 593 1 0 3932
 643 593 9 20 396447
 753 592 6 1 186792
 760 592 1 0 2343
 797 591 1 0 31970
 913 589 2 0 124452
 1112 585 5 5 38461
 1150 585 3 1 28526
 1237 583 3 6 55116
 1437 579 33 22 4161067
 1469 578 1 0 25972
 1541 577 2 25 48801
 1647 574 5 18 40038152
 1711 573 3 17 64902
 1726 573 1 0 14082
 1794 572 3 0 99335
 1805 571 8 23 560160
 1890 570 4 11 331114
 1894 570 1 0 3088
 1912 570 6 5 36889
 1934 569 3 6 24350
 1994 568 1 0 2245
 2022 567 2 0 367052
 2026 567 4 1 160896
 2114 565 2 0 5743
 2267 563 3 6 232146
 2475 559 9 12 341906
 2506 558 3 1 72830
 2613 556 2 0 14232
 2644 556 7 8 91127
 2649 556 4 0 39142
 2663 555 13 17 133718
 2667 555 6 0 25865
 2692 555 1 0 19147
 2704 555 5 2 15756
 2869 551 2 0 12802
 2877 551 2 0 6118
 2919 550 3 3 23190
 2925 550 4 2 51028
 2957 549 2 0 9930440
 2969 549 2 0 4687
 2998 548 1 0 2085
 3057 547 1 0 13908
 3084 547 2 0 4756
 3165 545 1 0 30934
 3235 544 1 0 14072
 3303 542 2 0 211243
 3419 539 1 0 36236
 3421 539 53 20 662687
 3430 539 11 12 67705
 3449 539 72 13 14280293
 3466 538 9 9 4674635
 3533 537 44 18 2091470
 3569 536 1 0 7399
 3596 536 1 0 8172831
 3599 535 1 0 332537
 3634 534 10 1 134437
 3645 534 48 12 53024179
 3675 534 3 0 23962
 3684 533 1 0 9400
 3765 531 30 14 1971483
 3770 531 3 4 7214
 3780 531 5 32 19041
 3840 530 1 0 405387
 3902 528 1 0 14072
 3938 528 1 0 55162
 3941 528 4 0 37831
 3961 527 3 25 6904
 4034 526 1 0 14312
 4053 526 2 1 243971
 4086 525 7 0 375525
 4087 525 6 35 57513
 4111 525 2 0 4348
 4165 524 7 0 44449
 4192 524 15 14 791880
 4243 523 2 1 11777
 4267 523 2 1 9287
 4288 523 3 1 188000
 4299 522 1 0 11026
 4397 521 1 0 3015
 4398 521 1 0 2148
 4401 521 4 2 8998688
 4430 521 2 24 7070
 4432 521 3 0 7605
 4589 517 3 0 30683
 4611 517 13 1 522168
 4623 516 23 6 7885668
 4722 514 5 23 46249
 4791 513 3 0 7829
 4838 512 3 0 8133
 4957 508 1 0 3602
 4974 508 2 1 5104
 4997 508 45 18 43005099
 5041 507 5 9 33014
 5090 505 8 0 252756
 5100 505 1 0 2753
 5123 504 3 1 19038
 5163 503 7 0 77913
 5196 503 2 0 27166
 5209 503 20 17 2495082
 5251 501 2 17 8453
 5316 501 44 13 197105
 5467 500 38 16 856149
 5505 500 9 12 46609
 5534 499 2 0 774621
 5541 499 11 18 329863
 5620 498 1 0 5644
 5657 497 1 0 2844
 5735 496 7 9 48448
 5886 493 1 0 121413
 5909 492 1 0 2856
 5936 492 6 7 648790
 6041 489 15 35 111504
 6044 489 2 19 6575
 6057 489 28 16 1846511
 6068 488 18 13 3016749
 6108 488 32 15 5645195
 6119 488 3 2 64553
 6121 487 2 2 116211
 6130 487 13 9 1019757
 6152 487 1 0 5959
 6154 487 1 0 4449
 6170 486 13 14 776266
 6176 486 1 0 2219
 6247 485 5 6 720245
 6325 483 1 0 2469
 6385 482 14 5 302626
 6395 481 3 1 41102
 6423 481 1 0 3110586
 6442 480 10 0 2144492
 6475 480 12 9 10954979
 6482 480 2 0 4424
 6500 480 2 0 4853
 6505 479 13 23 333255
 6583 478 8 0 59796
 6619 477 5 11 136405
 6624 477 2 0 6463
 6629 477 3 0 8545
 6638 477 7 1 60586
 6653 476 1 0 53805
 6655 476 5 27 19760
 6661 476 1 0 56006
 6696 475 1 0 31831
 6730 475 1 0 5776
 6771 474 2 0 9547
 6799 474 2 0 161480
 6800 474 8 26 548563
 6840 473 23 4 1065245
 6845 473 11 41 68087
 6924 472 1 0 8484
 6939 472 3 27 1262551
 6942 472 25 6 161883
 6954 472 1 0 23822
 6976 472 3 38 315360
 7010 471 14 6 768468
 7014 471 1 0 8506
 7042 471 31 8 733538
 7098 470 11 0 990208
 7102 470 2 14 4438
 7107 470 2 2 6866
 7116 470 1 0 2516
 7120 470 13 2 179260
 7123 470 1 0 175696
 7191 468 2 0 444138
 7249 468 9 27 15143404
 7282 467 37 13 5503384
 7334 467 17 0 257526
 7369 466 3 26 34096
 7377 466 1 0 30527
 7475 465 5 8 518720
 7534 464 1 0 2145
 7565 464 2 0 55899
 7574 463 9 4 51150
 7600 463 1 0 2405
 7614 463 1 0 35324
 7627 462 10 0 172428
 7685 461 56 14 4443064
 7774 460 9 14 143387
 7846 459 2 6 200482
 8002 457 2 0 38196
 8013 457 1 0 26842
 8017 457 1 0 26320
 8038 457 5 0 99322
 8039 457 6 8 640258
 8098 456 1 0 14072
 8167 454 4 0 14066
 8224 454 7 0 1028062
 8335 452 2 0 37207
 8355 452 12 10 430250
 8385 452 7 22 911822
 8594 448 5 3 431294
 8617 448 2 43 2558046
 8636 448 1 0 4020033
 8735 446 9 22 197793
 8788 446 11 0 156252
 8861 445 3 0 51913
 8885 445 8 0 32010
 8921 445 1 0 2516
 8924 445 1 0 3226
 8967 444 6 29 1678523
 9031 443 1 0 16432
 9042 443 44 4 4784829
 9120 442 1 0 38639
 9174 442 2 0 10578
 9186 441 1 0 2225
 9194 441 1 0 3353
 9252 440 14 8 245111
 9254 440 2 0 158501
 9299 440 4 0 11250
 9363 439 2 0 171007
 9372 439 103 30 7585861
 9473 438 1 0 38043
 9544 437 4 49 77584
 9545 437 10 36 15242566
 9582 437 12 38 96169
 9588 437 1 0 7737
 9589 437 3 24 10570
 9719 435 4 1 96691
 9743 434 2 0 29260
 9764 434 26 1 374889
 9771 434 4 0 10929
 9905 432 1 0 30251
 9979 431 1 0 7976
 10059 431 2 0 151332
 10108 430 1 0 2647
 10159 429 27 1 7506159
 10207 429 1 0 9057
 10260 428 6 1 15542
 10299 427 3 0 1064280
 10321 427 11 2 106116
 10405 426 7 0 51232
 10446 425 31 28 7560000
 10467 425 18 30 20013854
 10469 425 6 10 205555
 10539 424 8 16 837263
 10556 424 6 5 57250
 10578 424 4 43 455878
 10611 424 1 0 347528
 10632 424 13 19 22369749
 10811 421 2 1 88466
 10937 420 3 21 892460
 10988 419 6 5 31468
 11001 419 14 27 6356520
 11006 419 92 11 1842949
 11210 416 6 0 279178
 11284 415 6 1 1945529
 11300 415 2 2 104731
 11303 415 1 0 15883
 11322 415 5 27 1548353
 11342 414 5 25 478435
 11414 413 3 0 101907
 11462 412 4 13 10450071
 11495 412 2 0 145627
 11499 412 2 0 61188
 11502 412 4 0 35948
 11516 412 5 6 26893
 11580 411 1 0 1608542
 11596 411 22 29 1519432
 11664 410 3 3 21784
 11686 410 2 35 4853
 11810 409 5 0 1909252
 11838 408 1 0 3134
 11881 408 1 0 2894
 11905 408 1 0 2239
 11934 407 5 0 38021
 11958 407 2 0 24391
 11967 407 2 0 26529
 11973 407 1 0 11477
 11976 407 1 0 9537
 12018 406 1 0 11117
 12064 405 10 0 97854
 12083 405 3 0 6583
 12130 405 7 17 81762
 12132 405 1 0 26835
 12160 404 4 0 8950
 12191 404 3 0 328399
 12215 404 1 0 2876
 12395 402 1 0 2091
 12416 401 2 0 225612
 12420 401 4 8 689786
 12430 401 9 1 117628
 12433 401 17 11 618875
 12468 401 5 0 441873
 12477 401 3 0 95705
 12526 400 9 13 38546
 12717 397 1 0 29753
 13029 396 1 0 15409
 13049 396 8 0 1363192
 13873 396 1 0 2969
 15459 396 18 27 7193931
 18939 395 2 0 10663
 19715 395 3 0 9099
 20804 395 6 10 24050
 22522 395 4 0 4196373
 22804 395 12 7 118381
 22805 395 1 0 2094
 23005 395 1 0 2663
 28799 394 61 7 1341144
 28800 394 33 37 1077104
 30908 393 1 0 181949
 38880 391 4 0 100053
 38884 391 3 0 2448316
 40362 391 2 0 8786
 40994 391 1 0 175649
 41159 391 1 0 2594
 48860 391 4 0 21986
 52996 390 23 43 4765344
 52997 390 6 1 40689
 52999 390 1 0 12826
 58573 389 3 6 3760626
 59348 389 7 0 352609
 59350 389 1 0 15936
 64227 388 2 0 13386
 69305 387 38 24 1373285
 70371 387 2 8 11255
 72394 387 9 13 50018300
 72721 386 37 16 4752830
 73539 386 3 0 34218
 74394 385 3 0 10273
 79952 384 39 20 562944
 80079 384 3 0 27124
 84288 383 2 0 94846
 85554 383 36 29 262356
 110853 381 9 7 392473
 114069 380 1 0 48461
 115722 379 10 36 1314570
 121342 377 3 0 25246
 126376 377 5 9 27811
 127313 377 3 1 161927
 135248 376 2 4 362608
 136594 376 6 11 327745
 137486 376 2 0 40018
 137845 375 27 1 910474
 141510 375 5 0 2741693
 142133 375 1 0 46479
 142555 375 2 0 6000
 143782 374 40 52 13265561
 158426 370 6 13 43634
 159526 369 4 29 23706
 159527 369 5 0 105243
 160505 369 1 0 2154
 172047 368 1 0 191816
 176346 368 14 27 153040
 204978 366 2 0 4756
 215086 363 1 0 4489
 215174 363 90 17 9659078
 215510 362 13 1 1492914
 217896 362 1 0 16460
 218503 361 6 0 21881
 225148 360 1 0 5404
 225430 359 1 0 3366
 225545 359 1 0 3015
 225574 359 7 0 133089
 226654 359 1 0 2148
 227850 359 1 0 13568
 232722 357 1 0 169682
